single point
         sch01                      1.000000000000000    1.000000000000000    0.000000000000000
         sch02                      1.000000000000000    1.000000000000000    0.000000000000000
         sch03                      1.000000000000000    1.000000000000000    0.000000000000000
         sch04                      1.000000000000000    1.000000000000000    0.000000000000000
         sch05                      1.000000000000000    1.000000000000000    0.000000000000000
         sch06                      1.000000000000000    1.000000000000000    0.000000000000000
         sch07                      1.000000000000000    1.000000000000000    0.000000000000000
         sch08                      1.000000000000000    1.000000000000000    0.000000000000000
         sch09                      1.000000000000000    1.000000000000000    0.000000000000000
         sch10                      1.000000000000000    1.000000000000000    0.000000000000000
         sch11                      1.000000000000000    1.000000000000000    0.000000000000000
         sch12                      1.000000000000000    1.000000000000000    0.000000000000000
         sch13                      1.000000000000000    1.000000000000000    0.000000000000000
         sch14                      1.000000000000000    1.000000000000000    0.000000000000000
         sch15                      1.000000000000000    1.000000000000000    0.000000000000000
         sch16                      1.000000000000000    1.000000000000000    0.000000000000000
         sch17                      1.000000000000000    1.000000000000000    0.000000000000000
         sch18                      1.000000000000000    1.000000000000000    0.000000000000000
         sch19                      1.000000000000000    1.000000000000000    0.000000000000000
         sch20                      1.000000000000000    1.000000000000000    0.000000000000000
         sch21                      1.000000000000000    1.000000000000000    0.000000000000000
         sch22                      1.000000000000000    1.000000000000000    0.000000000000000
         sch23                      1.000000000000000    1.000000000000000    0.000000000000000
         sch24                      1.000000000000000    1.000000000000000    0.000000000000000
         sch25                      1.000000000000000    1.000000000000000    0.000000000000000
         sch26                      1.000000000000000    1.000000000000000    0.000000000000000
         sch27                      1.000000000000000    1.000000000000000    0.000000000000000
         sch28                      1.000000000000000    1.000000000000000    0.000000000000000
         sch29                      1.000000000000000    1.000000000000000    0.000000000000000
         sch30                      1.000000000000000    1.000000000000000    0.000000000000000
         sch31                      1.000000000000000    1.000000000000000    0.000000000000000
         sch32                      1.000000000000000    1.000000000000000    0.000000000000000
         sch33                      1.000000000000000    1.000000000000000    0.000000000000000
         sch34                      1.000000000000000    1.000000000000000    0.000000000000000
         sch35                      1.000000000000000    1.000000000000000    0.000000000000000
         sch36                      1.000000000000000    1.000000000000000    0.000000000000000
         sch37                      1.000000000000000    1.000000000000000    0.000000000000000
         sch38                      1.000000000000000    1.000000000000000    0.000000000000000
         sch39                      1.000000000000000    1.000000000000000    0.000000000000000
         sch40                      1.000000000000000    1.000000000000000    0.000000000000000
         sch41                      1.000000000000000    1.000000000000000    0.000000000000000
         sch42                      1.000000000000000    1.000000000000000    0.000000000000000
         sch43                      1.000000000000000    1.000000000000000    0.000000000000000
         sch44                      1.000000000000000    1.000000000000000    0.000000000000000
         sch45                      1.000000000000000    1.000000000000000    0.000000000000000
         sch46                      1.000000000000000    1.000000000000000    0.000000000000000
         sch47                      1.000000000000000    1.000000000000000    0.000000000000000
         sch48                      1.000000000000000    1.000000000000000    0.000000000000000
         sch49                      1.000000000000000    1.000000000000000    0.000000000000000
         sch50                      1.000000000000000    1.000000000000000    0.000000000000000
         sch51                      1.000000000000000    1.000000000000000    0.000000000000000
         sch52                      1.000000000000000    1.000000000000000    0.000000000000000
